0.05 0.995003125
0.1 0.988768742188
0.15 0.98006243752
0.2 0.968905976758
0.25 0.955327251054
0.3 0.939360207223
0.35 0.921044762873
0.4 0.900426706617
0.45 0.877557583594
0.5 0.852494566612
0.55 0.825300313213
0.6 0.796042809032
0.65 0.764795197827
0.7 0.731635598629
0.75 0.696646910433
0.8 0.659916604962
0.85 0.621536507978
0.9 0.581602569724
0.95 0.540214625046
1.0 0.497476143805
1.05 0.453493972205
1.1 0.408378065674
1.15 0.36224121398
1.2 0.31519875925
1.25 0.267368307622
1.3 0.218869435225
1.35 0.16982338924
1.4 0.120352784781
1.45 0.0705812983612
1.5 0.0206333586951
1.55 -0.0293661643677
1.6 -0.0792922720196
1.65 -0.129020148991
1.7 -0.178425475591
1.75 -0.227384738501
1.8 -0.275775539565
1.85 -0.32347690178
1.9 -0.370369571741
1.95 -0.416336317773
2.0 -0.46126222301
2.05 -0.505034972689
2.1 -0.547545134937
2.15 -0.588686434347
2.2 -0.628356017672
2.25 -0.666454710952
2.3 -0.702887267455
2.35 -0.737562605789
2.4 -0.770394037609
2.45 -0.801299484335
2.5 -0.83020168235
2.55 -0.857028376159
2.6 -0.881712499028
2.65 -0.904192340649
2.7 -0.924411701418
2.75 -0.942320032934
2.8 -0.957872564368
2.85 -0.971030414391
2.9 -0.981760688378
2.95 -0.990036560643
3.0 -0.995837341507
3.05 -0.999148529018
3.1 -0.999961845206
3.15 -0.998275256781
3.2 -0.994092980214
3.25 -0.987425471196
3.3 -0.9782893985
3.35 -0.966707602308
3.4 -0.952709037111
3.45 -0.93632869932
3.5 -0.917607539782
3.55 -0.896592361394
3.6 -0.873335702102
3.65 -0.847895703555
3.7 -0.820335965749
3.75 -0.790725388029
3.8 -0.759137996839
3.85 -0.725652760656
3.9 -0.690353392572
3.95 -0.653328141007
4.0 -0.614669569089
4.05 -0.574474323248
4.1 -0.5328428916
4.15 -0.489879352722
4.2 -0.445691115462
4.25 -0.400388650414
4.3 -0.35408521374
4.35 -0.306896564031
4.4 -0.258940672913
4.45 -0.210337430112
4.5 -0.161208343735
4.55 -0.1116762365
4.6 -0.0618649386729
4.65 -0.0118989784994
4.7 0.0380967291204
4.75 0.0879971949173
4.8 0.137677667727
4.85 0.187013946367
4.9 0.235882690142
4.95 0.284161727191
5.0 0.331730359922
5.05 0.378469666753
5.1 0.424262799418
5.15 0.468995275084
5.2 0.512555262562
5.25 0.554833861884
5.3 0.595725376551
5.35 0.635127577776
5.4 0.672941960058
5.45 0.709073987439
5.5 0.743433329851
5.55 0.775934088939
5.6 0.806495012805
5.65 0.835039699138
5.7 0.861496786224
5.75 0.885800131344
5.8 0.907888976136
5.85 0.927708098487
5.9 0.945207950592
5.95 0.960344782821
6.0 0.973080753093
6.05 0.983384021481
6.1 0.991228829817
6.15 0.996595566077
6.2 0.999470813423
6.25 0.999847383735
6.3 0.997724335587
6.35 0.993106976601
6.4 0.986006850173
6.45 0.97644170662
6.5 0.9644354588
6.55 0.950018122333
6.6 0.93322574056
6.65 0.914100294436
6.7 0.892689597576
6.75 0.869047176722
6.8 0.843232137926
6.85 0.815309018785
6.9 0.785347627098
6.95 0.753422866342
7.0 0.719614548421
7.05 0.684007194128
7.1 0.646689821851
7.15 0.607755725019
7.2 0.567302238874
7.25 0.525430497132
7.3 0.482245179147
7.35 0.437854248214
7.4 0.392368681661
7.45 0.345902193403
7.5 0.298570949662
7.55 0.250493278547
7.6 0.201789374236
7.65 0.152580996489
7.7 0.102991166251
7.75 0.0531438580967
7.8 0.00316369029754
7.85 -0.0468243867273
7.9 -0.0966954027854
7.95 -0.146324680336
8.0 -0.195588146187
8.05 -0.244362641672
8.1 -0.292526230552
8.15 -0.339958503856
8.2 -0.386540880901
8.25 -0.432156905743
8.3 -0.476692538321
8.35 -0.520036439553
8.4 -0.562080249687
8.45 -0.602718859196
8.5 -0.641850671557
8.55 -0.679377857239
8.6 -0.715206598278
8.65 -0.749247322822
8.7 -0.781414929058
8.75 -0.811628997972
8.8 -0.83981399439
8.85 -0.865899455823
8.9 -0.889820168616
8.95 -0.911516330988
9.0 -0.930933702532
9.05 -0.94802373982
9.1 -0.962743717759
9.15 -0.975056836402
9.2 -0.984932312955
9.25 -0.992345458726
9.3 -0.99727774085
9.35 -0.999716828621
9.4 -0.999656624321
9.45 -0.997097278461
9.5 -0.992045189404
9.55 -0.984512987373
9.6 -0.974519502875
9.65 -0.962089719618
9.7 -0.947254712063
9.75 -0.930051567728
9.8 -0.910523294474
9.85 -0.888718712983
9.9 -0.86469233471
9.95 -0.8385042256
